
케릭터 이미지: 16x16
오른쪽 2, 왼쪽 2, 위2, 아래2 핫둘 핫둘.

스크린 크기 : 가로 16칸 - 새로 12칸
map.txt
0 0 0 0 0 0 0 0 0 0 0 0 0 0 0 0
0 0 0 0 0 0 0 0 0 0 0 0 0 0 0 0
0 0 0 0 0 0 0 0 0 0 0 0 0 0 0 0
0 0 0 0 0 0 0 0 0 0 0 0 0 0 0 0
0 0 0 0 0 0 0 0 0 0 0 0 0 0 0 0
0 0 0 0 0 0 0 0 0 0 0 0 0 0 0 0
0 0 0 0 0 0 0 0 0 0 0 0 0 0 0 0
0 0 0 0 0 0 0 0 0 0 0 0 0 0 0 0
0 0 0 0 0 0 0 0 0 0 0 0 0 0 0 0
0 0 0 0 0 0 0 0 0 0 0 0 0 0 0 0
0 0 0 0 0 0 0 0 0 0 0 0 0 0 0 0
0 0 0 0 0 0 0 0 0 0 0 0 0 0 0 0

 
----- RySnow drive TK
https://drive.google.com/drive/folders/1OBRM8M3qCNAfJDCaldg62yFMiyFaKgYx

---- 나중에 해볼 것
마우스 컨트롤
화면크기 조절, 전체화면
자동 맵 생성, 오브젝트 생성, 랜덤 맵 등.
